%YAML:1.0
---
mtx: !!opencv-matrix
   rows: 3
   cols: 3
   dt: d
   data: [ 9.0718549491293095e+02, 0., 7.3840691136688929e+02, 0.,
       9.0159354232562009e+02, 3.6402666290733174e+02, 0., 0., 1. ]
dist: !!opencv-matrix
   rows: 1
   cols: 5
   dt: d
   data: [ -1.9711135006074059e-02, -2.0771460132193848e-02,
       5.3506670097491051e-03, 3.9766010419554337e-03,
       3.1423385111427893e-02 ]
err: 1.4781133456561948e-01
