%YAML:1.0
---
mtx: !!opencv-matrix
   rows: 3
   cols: 3
   dt: d
   data: [ 7.0891918914340897e+02, 0., 5.1639385778572432e+02, 0.,
       7.1974770349424284e+02, 2.8727734366361869e+02, 0., 0., 1. ]
dist: !!opencv-matrix
   rows: 1
   cols: 5
   dt: d
   data: [ 3.0185412180111511e-02, -1.6726403092126529e-01,
       1.0722955572540267e-04, -1.9253140230740044e-04,
       1.8981832208232369e-01 ]
err: 2.3125471734464900e-02
