%YAML:1.0
---
mtx: !!opencv-matrix
   rows: 3
   cols: 3
   dt: d
   data: [ 6.0201413824212559e+03, 0., 2.1142066726797766e+03, 0.,
       6.0381003078537578e+03, 1.2204482594001631e+03, 0., 0., 1. ]
dist: !!opencv-matrix
   rows: 1
   cols: 5
   dt: d
   data: [ 4.0078508493279980e-01, -1.6085577124760440e+00,
       -1.6042733630273805e-02, 1.0878906723761413e-02,
       -2.5160985662325746e+00 ]
err: 1.3956750308142060e-01
